200 190 0 170 160 0 720 285 
200 190 0 170 0 150 710 285 
200 190 0 170 0 0 560 235 
200 190 0 0 160 150 700 265 
200 190 0 0 160 0 550 215 
200 190 0 0 0 150 540 215 
200 190 0 0 0 0 390 165 
200 0 500 0 0 0 700 188 
200 0 0 170 160 150 680 260 
200 0 0 170 160 0 530 210 
200 0 0 170 0 150 520 210 
200 0 0 170 0 0 370 160 
200 0 0 0 160 150 510 190 
200 0 0 0 160 0 360 140 
200 0 0 0 0 150 350 140 
200 0 0 0 0 0 200 90 
0 190 500 0 0 0 690 173 
0 190 0 170 160 150 670 245 
0 190 0 170 160 0 520 195 
0 190 0 170 0 150 510 195 
0 190 0 170 0 0 360 145 
0 190 0 0 160 150 500 175 
0 190 0 0 160 0 350 125 
0 190 0 0 0 150 340 125 
0 190 0 0 0 0 190 75 
0 0 500 170 0 0 670 168 
0 0 500 0 160 0 660 148 
0 0 500 0 0 150 650 148 
0 0 500 0 0 0 500 98 
0 0 0 170 160 150 480 170 
0 0 0 170 160 0 330 120 
0 0 0 170 0 150 320 120 
0 0 0 170 0 0 170 70 
0 0 0 0 160 150 310 100 
0 0 0 0 160 0 160 50 
0 0 0 0 0 150 150 50 
